rawdata/armas (1002).jpg.rf.9ffeb77f37132a53e04f8ce13dcb56e8.bmp 4 273 106 34 102 19 26 183 158
rawdata/armas (101).jpg.rf.80fe5ab9ae187e4c3d7a04d46031dd30.bmp 2 165 10 152 121 78 46 64 75
rawdata/armas (1013).jpg.rf.3f680b12c7a1d6e7541e4c9538818409.bmp 2 108 111 177 122 91 103 188 131
rawdata/armas (103).jpg.rf.4214ad5d12f47c3de2ddff0be5e34a55.bmp 2 201 30 150 172 97 104 90 72
rawdata/armas (1039).jpg.rf.70e17b0bdc0566ef1a34f032592120b6.bmp 2 186 4 79 161 95 84 117 200
rawdata/armas (108).jpg.rf.47fe1059a751f85687d5b634bd3ef1ec.bmp 2 75 2 138 181 237 62 46 116
rawdata/armas (1090).jpg.rf.2905fc57d57941f7a3498d7ce0380e5d.bmp 2 276 4 111 149 66 84 89 42
rawdata/armas (1110).jpg.rf.2dc7c7fd8f748c27044920f9016d83ff.bmp 2 224 3 175 256 26 83 96 96
rawdata/armas (114).jpg.rf.97f77149dd876d1d9d77c7dc477f21aa.bmp 2 134 19 136 124 160 94 28 40
rawdata/armas (115).jpg.rf.6dfc3bd321cad33133c3fa40e103e87d.bmp 2 90 8 199 152 102 159 36 48
rawdata/armas (117).jpg.rf.85721f9c55d572421d701b4058572871.bmp 2 109 29 146 131 78 160 114 77
rawdata/armas (118).jpg.rf.767992830cc66b7fe7ce7066c7b1ee9b.bmp 2 224 17 158 275 23 106 135 140
rawdata/armas (121).jpg.rf.f48c26462b0b74842ef7441f8331bafe.bmp 2 48 33 119 159 263 152 96 56
rawdata/armas (124).jpg.rf.5099133c8f5cc0934f55250335e9c483.bmp 2 63 63 183 132 247 14 95 115
rawdata/armas (13).jpg.rf.ebd56202dca1eb0b562765aeb335b848.bmp 1 51 116 209 124
rawdata/armas (138).jpg.rf.4304ecb53a449fd843324b3958fcabbb.bmp 1 160 209 91 130
rawdata/armas (15).jpg.rf.f52633782a3100f93d122151463773ca.bmp 1 49 63 300 327
rawdata/armas (161).jpg.rf.d01387ba20c64b580ca7a0c81a41047c.bmp 2 126 24 124 115
rawdata/armas (163).jpg.rf.6eda7b11ebf1b7ee26b3224110b9304f.bmp 2 142 71 140 123 28 103 107 100
rawdata/armas (18).jpg.rf.4e22457d70108e4143618f2a382f4416.bmp 2 129 20 167 134 190 144 50 81
rawdata/armas (187).jpg.rf.a9cdc1add90ad2c1c079faf9b93929ec.bmp 2 141 24 128 174 308 140 70 57
rawdata/armas (19).jpg.rf.df12036e9291fc4704084db5d0293388.bmp 1 220 141 90 151
rawdata/armas (20).jpg.rf.9cc4cad11973d4efbdc571d2113db514.bmp 2 66 72 115 166 246 157 104 77
rawdata/armas (21).jpg.rf.d743f2a5f3c713d6327b8166ab948b4a(1).bmp 2 118 31 136 211 145 151 32 91
rawdata/armas (22).jpg.rf.fea65c3366f2d504e484b8fcb7efb348.bmp 2 152 14 191 211 124 167 54 89
rawdata/armas (229).jpg.rf.66be81f71fa30d0c864cb4131cc49e90.bmp 2 54 9 181 279 232 167 107 172
rawdata/armas (23).jpg.rf.71d357c20d4e39899f7b08819d16efa6.bmp 1 89 32 264 174
rawdata/armas (24).jpg.rf.ea31b46eb785eee328a103a9bb8737c6(1).bmp 1 221 47 180 226
rawdata/armas (240).jpg.rf.88f26abc3440823f479d7d98f13bae3f.bmp 2 169 38 114 101 183 102 27 27
rawdata/armas (243).jpg.rf.0bb8351c0598bc2cf398c1d357fa3725.bmp 1 107 146 142 103
rawdata/armas (244).jpg.rf.1f14a6294892e61700a5a8db89d4cfd7.bmp 2 164 96 29 56 164 96 29 56
rawdata/armas (25).jpg.rf.7c45a05be47666f21dcf04e368979251.bmp 1 183 69 61 44
rawdata/armas (26).jpg.rf.8b1facc363f7f4611f4f65e81d5965b0.bmp 2 35 15 56 218 99 28 78 122
rawdata/armas (28).jpg.rf.2ebd0fe96bd6274af04781238b797228.bmp 1 42 80 294 284
rawdata/armas (3).jpg.rf.503b3196eb0954cd5e459e5bca4d139b.bmp 2 167 100 28 51 159 82 113 208
rawdata/armas (31).jpg.rf.db50a9481072891629a6bd540e2f8091.bmp 2 39 29 120 230 195 111 141 206
rawdata/armas (319).jpg.rf.88518e64def34e92f879e67beef5cbd2.bmp 2 169 119 54 147 193 47 127 160
rawdata/armas (32).jpg.rf.b56e4f0620c013d6001002a9105dc867.bmp 2 199 10 84 65 34 121 88 51
rawdata/armas (324).jpg.rf.dcd42f78b445565aaa00c438e0bf1aca.bmp 2 100 32 150 159 298 26 107 164
rawdata/armas (325).jpg.rf.76dd8de6f9ad3c338e99b0feaa2da3a5.bmp 2 182 24 130 201 72 66 131 128
rawdata/armas (34).jpg.rf.48685e630f38dc39a800addc890e5bb3.bmp 2 223 13 144 186 76 140 104 72
rawdata/armas (341).jpg.rf.7138ed35e4faeeb5a941d883dc051995.bmp 2 123 4 205 205 99 124 63 92
rawdata/armas (35).jpg.rf.61be00a7d2d4837502c270dd73593580.bmp 2 183 7 156 181 200 144 32 76
rawdata/armas (351).jpg.rf.5ba0e24255944465b8482928aeb2847c.bmp 2 211 10 156 199 19 133 83 64
rawdata/armas (354).jpg.rf.6ca959e0ab686f215287aeb7dfb6338c.bmp 2 108 11 191 245 145 173 34 85
rawdata/armas (36).jpg.rf.3d00e72812e177321653a9e8c6f353aa.bmp 2 197 18 127 190 280 122 67 117
rawdata/armas (365).jpg.rf.5a81d811c4e3037e1f35f903a43fdd2a.bmp 1 61 15 143 139
rawdata/armas (379).jpg.rf.e48ac630c2904d6fb0a601cdda0a561c.bmp 2 126 7 184 211 38 128 79 90
rawdata/armas (380).jpg.rf.7b5c8b0d0520d8cb21687dd161845f9a.bmp 2 182 34 158 141 103 60 70 88
rawdata/armas (382).jpg.rf.365a5d2d4ffa180eef5baf6c6804a1fb.bmp 2 234 5 134 176 43 36 108 192
rawdata/armas (39).jpg.rf.70937eb0d74842c7a624313704157281.bmp 1 230 75 94 170
rawdata/armas (4).jpg.rf.ab917ea1cc3eee37d9ce1fac8970b620.bmp 2 19 152 105 69 287 41 128 173
rawdata/armas (406).jpg.rf.52216ce1880e7dd5e89529d995605078.bmp 1 78 119 150 184
rawdata/armas (42).jpg.rf.802658876259356a3dea82e7c7814ffa.bmp 2 182 24 91 174 94 93 106 88
rawdata/armas (439).jpg.rf.ca6c2101b556af139b65ac078b6d1b92.bmp 2 89 4 293 200 8 147 160 161
rawdata/armas (452).jpg.rf.b4a83ac16f2570656defdd71094c1c2a.bmp 2 179 5 81 116 254 83 36 83
rawdata/armas (47).jpg.rf.7ce3449c3ca555d6062bac9bd2ef5ad5.bmp 1 130 29 259 243
rawdata/armas (48).jpg.rf.504eab150d0cb7cb077b47b2325760ae.bmp 1 160 36 205 128
rawdata/armas (5).jpg.rf.63fe1861000d4f6fda7e19d355e83840(1).bmp 2 189 6 90 166 100 85 109 200
